572.431 1
572.431 0
2105.21 1
2105.21 0
2552.96 1
2552.96 0
3217.13 1
3217.13 0
3489.54 1
3489.54 0
3845.63 1
3845.63 0
4417.61 1
4417.61 0
6006.98 1
6006.98 0
7041.03 1
7041.03 0
7490.08 1
7490.08 0
7983.94 1
7983.94 0
8323.64 1
8323.64 0
8924.41 1
8924.41 0
9362.79 1
9362.79 0
10343.5 1
10343.5 0
11095.4 1
11095.4 0
11492.7 1
11492.7 0
12136 1
12136 0
13011.8 1
13011.8 0
13525 1
13525 0
14132.5 1
14132.5 0
19823.8 1
19823.8 0
20427.7 1
20427.7 0
22633.8 1
22633.8 0
24137.4 1
24137.4 0
25468.2 1
25468.2 0
25945.7 1
25945.7 0
26583.6 1
26583.6 0
27819 1
27819 0
28991.7 1
28991.7 0
29603.2 1
29603.2 0
30124.3 1
30124.3 0
30653.9 1
30653.9 0
31163.1 1
31663.2 2
31742.2 1
32239.1 2
33827.5 3
35116.2 2
36690.2 3
37504.1 4
38249.9 3
39004.1 2
39836.7 3
40438.5 4
42096.6 5
42297.3 4
42327.3 3
42481.5 2
43266.8 1
43545.3 2
44626.9 3
45159.8 4
45664.8 5
46022.1 4
46577.8 5
48423.6 6
48885.7 7
49343.4 8
49804 9
51280.9 8
51280.9 7
51280.9 6
51280.9 5
51310.9 4
51340.9 3
51370.9 2
51400.9 1
51917.6 0
52079.5 1
52079.5 0
52501.7 1
52501.7 0
53564.1 1
53564.1 0
54514.6 1
54514.6 0
55077.9 1
55546.4 2
55730.6 1
56093.3 0
56168.8 1
56180.9 0
58526.9 1
59212.2 0
59719.9 1
59719.9 0
60189.3 1
60952.1 0
61659.8 1
61659.8 0
62543.6 1
62543.6 0
63113.4 1
63964.4 2
64629 1
64659 0
64666.6 1
65393 2
65403.5 1
65912.2 2
67073.7 3
67536.1 4
68065.3 3
69027.3 4
69080.9 3
70022.9 2
71086.8 3
71598.1 4
72986.9 5
73436.9 6
74314.8 7
75384.4 8
75844.9 9
76373.4 10
76404.7 9
76404.7 8
76404.7 7
76434.7 6
76493.3 5
76804.1 6
77209.1 7
77849 8
78415.2 9
79088.1 10
79606.5 11
80079.9 12
81908.9 13
81925 12
81955 11
82325.9 12
83197.1 13
83636.3 14
84250.2 13
84541 14
85396.4 15
85979.4 16
86041 15
87381.2 16
88452.1 17
89494.8 18
92257.8 17
92591.9 18
94156 19
94915.2 20
95445.8 21
96035.1 22
96108.1 21
96467.2 20
96509.7 21
97457.1 22
97904.5 23
98483.3 24
100353 25
100382 24
100819 23
100893 24
101481 23
101497 24
101511 23
101515 22
101515 21
101515 20
101515 19
101515 18
101515 17
101515 16
101545 15
101575 14
101605 13
101635 12
101665 11
101695 10
102039 9
102916 10
103337 11
103854 12
104336 13
105616 12
105646 11
106589 12
106976 13
107363 14
108672 15
109508 14
109754 15
110241 14
110517 13
110705 12
111172 13
111599 14
113193 15
113787 16
114677 17
115566 16
115813 17
116254 18
116831 19
117813 18
118094 17
118876 18
119394 19
120911 20
121425 21
121640 20
123059 19
123587 20
124201 21
124537 22
124933 23
125001 22
125873 21
126060 22
126514 21
126514 20
126514 19
126514 18
126514 17
126544 16
126574 15
126604 14
126634 13
126664 12
127027 13
127626 12
129428 13
130053 14
130737 15
132158 16
132382 17
132644 16
132822 17
132969 16
133197 17
134078 16
134108 15
134238 14
134641 15
135491 14
136112 15
136666 14
137133 13
137849 14
138028 13
138330 14
138798 15
139209 14
139850 15
140374 16
140433 15
141476 14
141884 15
142442 16
142859 17
143622 16
144246 15
144277 16
146343 17
148143 18
148533 19
151444 18
151444 17
151444 16
151444 15
151474 14
151504 13
151534 12
151564 11
151594 10
151624 9
151654 8
152454 9
153992 10
154521 11
155023 10
155498 11
155858 12
156209 13
157244 14
157495 15
157902 16
159039 15
159400 14
159430 13
160042 14
161108 13
161666 14
162241 15
163317 16
163360 15
163493 14
163859 15
164842 16
165315 17
165673 18
166964 19
167850 20
168413 21
169133 20
170315 21
171951 22
172334 23
172849 24
174982 25
175036 24
176131 25
176265 24
176265 23
176265 22
176265 21
176265 20
176265 19
176265 18
176295 17
176325 16
176355 15
176385 14
176415 13
176445 12
176475 11
177394 12
177703 13
181399 14
184387 15
185981 14
187071 15
187499 16
190066 17
190589 18
191276 19
192182 20
192529 21
192905 20
193047 21
193491 22
194317 21
195118 22
195616 21
195644 22
196119 23
196230 22
196548 23
197442 24
197968 25
198305 26
198866 27
199050 26
199080 25
200416 26
201004 25
201004 24
201004 23
201004 22
201004 21
201034 20
201064 19
201094 18
201124 17
202592 18
203610 19
203621 18
204235 19
204497 18
204674 19
205307 18
208579 17
208609 16
208690 15
209316 16
212757 17
213016 16
213629 17
214530 18
215962 19
216037 18
216480 19
216821 20
217296 21
217657 20
218257 19
218301 20
218889 21
219403 22
219840 23
220105 22
220317 23
221413 24
222035 25
223144 24
223174 23
223204 22
223328 23
223490 22
223811 23
223914 22
224331 23
226193 24
226825 23
226825 22
226825 21
226825 20
226825 19
226825 18
226825 17
226825 16
226855 15
226885 14
226915 13
226945 12
226975 11
227549 12
227998 11
228547 10
229675 9
229705 8
230009 7
230017 8
230616 9
231108 10
232944 11
232948 10
233331 11
234625 10
234942 11
236274 12
236748 13
237729 14
238307 15
239148 16
239618 17
240157 18
240763 19
241485 20
241851 21
242312 22
242726 21
242797 22
244539 23
245150 24
245537 25
247656 26
248241 27
249156 28
249592 29
250687 28
250687 27
250687 26
250687 25
250687 24
250687 23
250687 22
250687 21
250717 20
250747 19
251396 20
252276 21
252598 22
253765 23
254698 24
255227 25
256696 26
256795 25
257728 26
258834 27
258875 26
259249 27
260751 28
261167 29
261747 30
262427 29
262570 30
263441 31
265398 32
265959 33
266615 34
266889 33
267155 34
268623 35
269660 36
270455 37
271541 38
272822 39
274048 38
274393 39
274967 38
274967 37
274967 36
274967 35
274967 34
274967 33
274967 32
274967 31
274967 30
274967 29
274967 28
274967 27
274997 26
275027 25
275057 24
275087 23
275708 24
276129 25
278073 26
279386 27
279891 28
280315 29
280865 30
283202 31
284576 32
285362 33
285589 32
285736 31
286356 32
287026 33
287864 32
289517 31
289931 32
290307 33
290897 34
291334 33
291835 34
293594 35
294167 36
294814 37
295411 38
295836 37
295894 38
295986 37
296363 38
296946 39
297447 40
297509 39
298679 40
300327 39
300327 38
300327 37
300327 36
300327 35
300327 34
300327 33
300327 32
300327 31
300327 30
300327 29
300357 28
300387 27
300417 26
300447 25
300477 24
300507 23
300537 22
300567 21
302181 22
306630 23
307028 24
307249 23
308098 24
308558 25
308996 26
309247 25
309407 26
310107 27
311104 28
312660 29
313506 28
313950 29
314517 30
315077 29
316528 30
317577 31
318755 32
320238 33
321008 32
321217 33
321842 34
322516 35
323329 36
323739 37
324980 36
325070 37
326077 38
326283 37
326283 36
326283 35
326283 34
326283 33
326283 32
326283 31
326283 30
326283 29
326313 28
326343 27
326373 26
326403 25
326433 24
326696 25
327661 26
329230 25
329840 26
330447 25
330686 26
331200 27
331709 28
332262 29
332690 30
333276 31
334159 30
334189 29
334219 28
334529 29
335354 30
336200 31
336974 30
337013 29
337125 30
338524 31
339690 32
340075 33
340486 32
340672 33
341609 34
342013 33
342813 34
343219 35
343744 36
344111 35
345031 36
345461 37
346035 38
346497 39
346819 38
346849 37
346879 36
348114 37
348521 38
348919 39
349743 38
350946 39
351707 38
351707 37
351707 36
351707 35
351707 34
351707 33
351707 32
351707 31
351707 30
351707 29
351707 28
351737 27
351767 26
351797 25
352004 26
352253 25
352527 26
354035 25
354082 26
354253 25
354283 24
356017 25
356513 26
358011 27
358461 28
358765 27
358795 26
360596 27
361081 28
362751 29
363154 30
366015 31
367278 32
367535 31
367816 32
367921 31
369353 32
369929 33
371345 34
372054 35
374883 34
375518 35
375760 34
375760 33
375760 32
375760 31
375760 30
375760 29
375760 28
375760 27
375760 26
375760 25
375760 24
375760 23
375790 22
375820 21
375850 20
375874 21
375880 20
376277 21
376856 22
377254 23
377733 24
378895 25
379236 26
379630 27
381709 26
382608 27
383024 26
383831 27
384511 28
386258 27
386288 26
386558 25
386855 26
387165 25
388035 24
388154 23
388302 24
388526 23
389667 24
390121 25
390364 24
390555 25
390709 24
390762 23
391029 24
392685 25
393179 26
393687 27
394157 28
394529 29
396112 30
396511 31
397027 30
397127 31
397576 32
398579 31
399148 32
399643 33
399827 32
399827 31
399827 30
399827 29
399827 28
399827 27
399827 26
399857 25
399887 24
399917 23
399947 22
399977 21
400007 20
400037 19
400563 18
400701 19
402128 20
402526 21
406324 22
406745 23
407435 24
408461 25
408923 26
409380 25
409410 24
409680 23
410293 24
412228 25
412750 26
413336 27
414850 28
415154 29
415772 30
416303 31
416812 32
417575 31
417590 32
417992 31
418733 32
419431 31
419829 32
420843 33
422141 34
422610 35
423631 36
424102 37
424700 38
424939 37
424939 36
424939 35
424939 34
424939 33
424939 32
424939 31
424939 30
424939 29
424939 28
424969 27
424999 26
425716 27
426266 26
426652 27
426928 26
429553 27
429915 26
430131 27
430734 28
431099 29
431609 30
432221 31
433132 32
434248 33
434692 32
434722 31
437793 30
437825 31
437895 30
438275 31
439286 32
439828 33
440310 34
440791 35
441834 36
442390 37
442828 38
443242 39
443807 40
444683 41
445937 42
448519 43
448933 44
449313 45
449363 44
450048 43
450048 42
450048 41
450048 40
450048 39
450048 38
450048 37
450048 36
450048 35
450048 34
450048 33
450048 32
450078 31
450108 30
450138 29
450168 28
450198 27
450282 28
450718 29
451358 30
452416 31
452729 30
453548 31
453677 30
454064 31
455056 32
455668 33
456204 34
456737 35
457326 36
458437 37
459079 36
460077 35
460107 34
460131 35
461769 36
462192 37
462604 38
463773 39
464069 38
464538 37
465320 36
466633 35
467082 34
467445 35
467980 36
468522 37
469538 38
469832 39
469995 38
471555 37
471585 36
471821 35
471851 34
471862 35
472305 36
472910 37
474250 38
474801 39
475109 38
475109 37
475109 36
475109 35
475109 34
475109 33
475109 32
475109 31
475109 30
475109 29
475109 28
475139 27
475169 26
477256 27
478487 28
479730 27
480521 28
481011 29
481073 28
481439 29
481907 30
483727 31
484048 30
484078 29
484218 30
484263 29
484576 30
485276 31
485666 32
486158 33
487239 32
487305 33
487675 34
488349 33
488633 34
489139 35
490467 36
490876 35
490906 34
490918 35
491080 34
491508 35
491893 36
493500 37
494641 38
495734 37
496505 36
497956 37
498295 38
498647 37
498677 36
498895 37
499096 36
499477 37
499860 36
499860 35
499860 34
499860 33
499860 32
499860 31
499860 30
499890 29
499920 28
499950 27
499980 26
500010 25
500046 26
500774 25
501731 26
502404 27
502863 28
503042 27
503271 28
503865 29
503987 28
504573 29
504973 30
505958 31
506190 30
507508 31
509151 32
510609 33
511104 34
511278 33
511957 32
512159 33
512420 32
512576 33
513018 34
513544 35
515127 34
515156 35
515691 36
516528 37
517020 38
517518 39
518221 40
519684 41
520136 42
521155 43
521600 44
521823 43
522012 42
522139 43
522847 44
523014 43
523272 44
523662 43
524605 42
524605 41
524605 40
524605 39
524605 38
524605 37
524605 36
524605 35
524605 34
524605 33
524635 32
524665 31
524695 30
524725 29
524755 28
524842 29
525364 28
525859 29
526071 28
526588 27
526963 28
527899 29
528273 28
528368 29
528909 30
529522 29
530434 30
530772 31
531855 32
531994 31
532031 30
532456 31
533072 30
533339 31
534686 32
535231 33
535312 32
535515 33
536587 32
536834 33
537331 32
539120 31
539496 32
539820 33
540954 34
541754 35
542122 34
542152 33
542323 34
542904 35
543910 34
543971 35
544196 34
545694 33
545744 34
547901 35
548505 36
549257 35
549287 34
549575 33
549575 32
549575 31
549575 30
549575 29
549605 28
549635 27
549665 26
549695 25
549705 26
549725 25
550482 24
550512 23
550674 22
551959 21
552044 22
553486 23
555211 22
555420 21
555653 22
556111 23
556519 24
557034 25
558600 26
559001 25
559049 26
559521 25
560112 26
560489 25
560917 26
560986 25
561441 24
562188 25
562767 26
563255 27
564371 28
564814 29
565184 28
565409 29
566099 28
567007 27
567085 28
568213 29
568675 30
569214 29
569429 28
570942 27
571002 28
571673 27
571857 28
573107 29
573773 28
573773 27
573773 26
573773 25
573773 24
573773 23
573773 22
573773 21
573803 20
573833 19
573863 18
574124 19
574405 18
575071 17
575196 18
575812 17
575978 18
577464 19
577464 18
578002 19
581518 18
581772 19
582187 20
582686 21
583169 20
583549 21
583961 22
584352 23
584977 24
585396 25
586192 26
586300 25
586669 26
586787 25
588346 26
588773 25
588934 26
589364 27
589864 26
590431 27
591087 28
591598 29
591969 28
592720 29
594081 28
594817 29
595135 28
596263 29
597172 28
597232 29
597666 30
598285 31
598841 32
599277 31
599277 30
599277 29
599277 28
599277 27
599277 26
599277 25
599277 24
599277 23
599277 22
599277 21
599277 20
599277 19
599307 18
599337 17
599367 16
599397 15
599427 16
599427 15
599457 14
599487 13
599920 14
600462 15
600760 16
601686 17
602273 18
604134 19
605162 18
606385 19
606987 20
609891 21
610349 20
610859 21
611062 20
611369 21
611681 20
611711 19
611943 20
613267 21
613401 20
613730 21
614939 20
616204 19
616468 20
617197 19
618309 18
618339 17
618921 18
619493 19
620020 20
621163 21
621605 22
622160 23
622641 22
622671 21
622754 22
623311 23
623969 22
623969 21
623969 20
623969 19
623969 18
623999 17
624029 16
624352 17
624745 18
626086 19
626720 20
627108 19
627765 20
628218 19
629111 20
630395 21
630992 20
631022 19
631052 18
631384 19
633716 18
635219 19
635558 20
636655 21
637086 22
637535 23
638559 24
639187 25
639721 24
639751 23
639781 22
639819 23
640412 22
642514 23
642851 22
643430 21
644152 22
644811 21
647880 22
648314 23
648767 24
649201 23
649319 24
649589 23
649589 22
649589 21
649589 20
649589 19
649589 18
649589 17
649619 16
649649 15
649679 14
649999 15
650523 16
651524 17
652004 18
654753 19
655573 18
657528 19
658193 20
658718 21
659159 22
660045 21
660740 22
662130 21
662927 22
664008 23
665422 24
667947 25
668584 26
669203 25
669597 26
670433 27
671867 26
672033 27
673177 28
673873 27
673873 26
673873 25
673873 24
673873 23
673873 22
673873 21
673873 20
673903 19
674329 20
674924 21
675392 22
676309 23
677203 22
677361 23
678564 24
679097 25
680298 26
680374 25
680404 24
680716 25
681573 26
683930 27
687270 28
687614 29
688235 30
689763 31
690318 32
692154 33
692158 32
692709 31
692739 30
693147 31
693948 30
694515 29
694793 28
695161 27
696023 28
696604 29
697020 30
697248 29
697278 28
697465 29
697829 30
698494 31
698884 30
698884 29
698884 28
698884 27
698884 26
698884 25
698884 24
698914 23
698944 22
698974 21
699004 20
699034 19
699592 20
700228 21
700797 22
702198 23
703207 24
704114 25
705898 26
706438 27
706877 28
707209 29
707371 28
707618 29
708394 28
709054 29
711094 30
711542 31
712015 30
712045 29
712302 30
712736 31
713275 32
713787 33
714019 32
714731 31
715360 32
718399 33
719025 34
719270 33
720160 34
720547 35
720872 34
721208 35
723247 36
724653 35
725144 34
725144 33
725144 32
725144 31
725144 30
725144 29
725144 28
725144 27
725144 26
725144 25
725144 24
725144 23
725174 22
725204 21
725729 22
726278 23
728289 22
728318 23
728319 22
728953 23
729916 24
730404 25
731124 26
731704 25
734570 26
735533 27
736094 28
736638 29
737662 30
738370 29
738862 28
738892 27
739769 28
740537 27
740905 28
741122 27
741152 26
741182 25
741913 24
742193 25
744314 26
744721 27
745889 26
746335 25
746701 26
747154 27
748167 26
749342 25
749380 26
749630 25
749630 24
749630 23
749630 22
749630 21
749630 20
749630 19
749630 18
749660 17
749690 16
749720 15
749896 16
752470 17
752808 18
753648 17
754918 18
755614 19
756035 20
756693 19
758498 20
759022 21
759910 20
760377 21
760797 20
760861 21
761839 22
762291 23
762777 24
763381 23
763842 24
764909 25
765354 26
765917 27
768362 28
768936 29
769239 28
769563 29
770101 30
770354 29
770718 30
771184 31
772421 30
772624 29
773750 30
775347 29
775347 28
775347 27
775347 26
775347 25
775347 24
775377 23
775407 22
775437 21
775467 20
776339 21
776902 22
777485 23
777962 24
778272 23
778415 24
778893 25
779437 26
780913 27
781402 28
782445 29
783050 30
784327 29
784357 28
784457 29
785942 30
786313 31
786752 32
787834 33
788332 34
789754 35
790892 36
792472 37
793456 38
793501 37
793934 38
794920 39
797098 40
797864 41
799789 40
799789 39
799789 38
799789 37
799789 36
799789 35
799789 34
799789 33
799789 32
799789 31
799789 30
799819 29
799849 28
799879 27
799909 26
800820 27
801598 28
802275 29
802893 30
803400 31
804337 32
804744 33
805157 32
805346 33
806342 34
806367 33
806736 34
808232 35
808615 36
809533 35
809944 36
810735 35
811115 36
811995 37
814027 38
814563 39
814912 40
815422 41
816475 42
816650 41
816827 42
817236 43
818223 44
818568 43
818598 42
819697 43
819994 42
822135 43
822735 42
824157 43
824726 42
824726 41
824726 40
824726 39
824726 38
824726 37
824726 36
824726 35
824726 34
824726 33
824756 32
824786 31
824816 30
824846 29
825333 30
825822 31
826359 32
827462 33
828033 34
828420 33
828433 34
829782 35
830472 36
831824 37
833337 38
834369 39
836422 40
838208 39
839920 38
840063 39
840483 40
841052 41
841262 40
841292 39
841504 40
841827 39
842041 40
844392 39
844601 40
845187 41
845797 42
846332 43
846744 44
847246 45
847652 44
848549 45
849116 46
849215 45
849215 44
849215 43
849215 42
849215 41
849215 40
849215 39
849215 38
849215 37
849215 36
849245 35
849275 34
849305 33
849335 32
849365 31
850236 32
852295 31
852425 32
852767 33
853248 32
853693 31
853857 32
853998 31
854340 32
856458 33
858347 32
858669 33
860133 34
860735 35
861280 36
861652 37
862366 38
862923 39
863458 40
864973 39
866246 40
867408 41
867959 42
868322 43
869506 44
870007 45
870373 46
870897 47
872404 48
873254 49
873580 48
874281 47
874281 46
874281 45
874281 44
874281 43
874281 42
874281 41
874281 40
874281 39
874281 38
874281 37
874281 36
874281 35
874311 34
874341 33
874371 32
874487 31
875730 32
877251 33
877594 34
878065 35
878878 34
879360 35
879952 36
880557 37
881017 38
882156 39
882407 38
882966 39
883201 38
883361 39
883820 38
883850 37
883880 36
883910 35
884266 36
884586 35
884616 34
885371 35
886436 34
889258 35
890517 34
890756 33
892462 32
893545 33
894053 34
894776 35
895755 36
897541 37
898713 38
899685 39
899818 38
899818 37
899818 36
899818 35
899818 34
899818 33
899818 32
899818 31
899818 30
899818 29
899818 28
899818 27
899818 26
899848 25
899878 24
899908 23
900678 22
902354 23
903908 24
904729 23
905483 24
907662 25
908366 24
908396 23
909127 24
910074 25
910574 26
911442 27
911766 28
912225 29
912668 30
913567 31
914245 30
914789 31
915780 32
916373 33
916637 34
917446 33
918765 32
918795 31
918825 32
919370 33
919652 34
920050 35
920932 34
921294 35
921845 36
923380 35
923749 36
924190 37
924720 38
924880 37
925780 36
925780 35
925780 34
925780 33
925780 32
925780 31
925780 30
925780 29
925780 28
925810 27
925840 26
925870 25
926589 26
927260 25
927702 26
928180 27
929093 28
930067 29
930452 30
930929 31
931297 32
931483 31
933334 32
933701 31
933806 32
934413 33
935527 34
935995 35
936250 34
936401 35
936897 34
937416 35
938536 36
939152 37
939894 38
941032 39
941938 38
944292 39
944814 40
945414 39
945444 38
945580 37
946008 36
946307 35
946459 34
947223 35
947714 36
948460 37
949221 38
949435 37
950400 38
950583 37
950583 36
950583 35
950583 34
950583 33
950583 32
950583 31
950718 30
951281 31
953103 30
954642 31
955133 32
956234 31
956567 30
956572 31
957024 32
957273 33
957401 32
958244 33
958544 34
959017 35
961111 36
961450 35
961931 34
962472 35
962961 36
963336 37
964850 38
964853 37
964883 36
965292 37
965843 38
966345 39
966703 38
966962 39
967461 38
967570 39
968057 40
968622 41
969912 42
970527 41
970557 40
970920 41
971850 42
972259 43
972655 44
973075 43
973264 42
973745 43
974274 44
974474 43
974474 42
974474 41
974474 40
974474 39
974474 38
974474 37
974474 36
974474 35
974474 34
974474 33
974474 32
974474 31
974504 30
974534 29
974564 28
974594 27
974624 26
975648 27
976184 28
977397 29
979110 30
979545 31
979577 30
979991 31
981145 32
981263 31
981770 32
981809 31
982266 32
983918 33
984389 34
986786 35
987250 36
988354 37
990233 38
990925 37
991177 38
991683 39
992241 40
993216 41
993815 42
994367 43
995625 42
998420 43
999959 42
999959 41
999959 40
999959 39
999959 38
999959 37
999959 36
999959 35
999959 34
999959 33
999959 32
999959 31
999959 30
999989 29
1.00002e+06 28
1.00005e+06 27
1.00051e+06 28
1.00102e+06 29
1.00134e+06 30
1.00173e+06 31
1.00221e+06 32
1.00273e+06 33
1.00315e+06 34
1.00379e+06 35
1.00478e+06 36
1.00523e+06 37
1.00645e+06 38
1.00705e+06 39
1.00744e+06 38
1.00756e+06 39
1.00846e+06 40
1.01006e+06 41
1.01044e+06 42
1.0122e+06 43
1.01283e+06 44
1.01468e+06 45
1.01523e+06 46
1.01646e+06 47
1.01703e+06 48
1.01749e+06 49
1.01799e+06 50
1.01942e+06 51
1.0199e+06 52
1.02059e+06 53
1.0215e+06 52
1.02302e+06 53
1.02486e+06 52
1.02486e+06 51
1.02486e+06 50
1.02486e+06 49
1.02486e+06 48
1.02486e+06 47
1.02486e+06 46
1.02486e+06 45
1.02486e+06 44
1.02486e+06 43
1.02489e+06 42
1.02492e+06 41
1.02502e+06 42
1.02548e+06 43
1.02647e+06 44
1.0269e+06 45
1.0301e+06 46
1.0307e+06 47
1.03131e+06 46
1.03134e+06 45
1.03237e+06 46
1.03332e+06 47
1.03475e+06 46
1.03478e+06 45
1.03503e+06 46
1.03525e+06 45
1.03549e+06 46
1.03581e+06 47
1.03655e+06 46
1.03658e+06 45
1.03669e+06 46
1.03713e+06 45
1.03738e+06 44
1.03741e+06 43
1.03743e+06 44
1.03792e+06 45
1.03824e+06 46
1.0388e+06 47
1.03989e+06 48
1.04046e+06 49
1.04184e+06 50
1.04253e+06 49
1.04322e+06 48
1.04435e+06 49
1.04528e+06 50
1.04534e+06 49
1.04572e+06 50
1.04636e+06 49
1.0464e+06 50
1.04738e+06 51
1.0475e+06 50
1.04796e+06 51
1.04837e+06 52
1.05012e+06 51
1.05012e+06 50
1.05012e+06 49
1.05012e+06 48
1.05012e+06 47
1.05012e+06 46
1.05012e+06 45
1.05012e+06 44
1.05012e+06 43
1.05012e+06 42
1.05012e+06 41
1.05015e+06 40
1.05018e+06 39
1.05021e+06 38
1.05107e+06 39
1.05253e+06 38
1.05332e+06 37
1.05461e+06 38
1.05518e+06 39
1.05545e+06 38
1.0561e+06 39
1.05714e+06 40
1.05935e+06 41
1.05999e+06 42
1.06016e+06 41
1.06019e+06 40
1.06068e+06 41
1.06099e+06 42
1.06159e+06 43
1.06207e+06 44
1.0626e+06 45
1.06375e+06 46
1.06419e+06 47
1.06422e+06 46
1.06483e+06 47
1.06553e+06 46
1.06601e+06 45
1.06805e+06 46
1.06949e+06 45
1.07014e+06 46
1.07059e+06 45
1.07117e+06 46
1.0716e+06 47
1.07195e+06 48
1.07285e+06 47
1.07371e+06 48
1.07416e+06 47
1.07419e+06 46
1.07424e+06 47
1.07484e+06 46
1.07484e+06 45
1.07484e+06 44
1.07484e+06 43
1.07484e+06 42
1.07484e+06 41
1.07484e+06 40
1.07484e+06 39
1.07484e+06 38
1.07484e+06 37
1.07484e+06 36
1.07484e+06 35
1.07484e+06 34
1.07484e+06 33
1.07487e+06 32
1.0749e+06 31
1.07493e+06 30
1.07496e+06 29
1.07499e+06 28
1.07502e+06 27
1.07625e+06 28
1.07726e+06 29
1.07845e+06 30
1.07898e+06 31
1.07939e+06 30
1.08025e+06 31
1.08085e+06 32
1.08148e+06 33
1.08204e+06 32
1.08253e+06 33
1.08448e+06 34
1.08482e+06 33
1.08485e+06 32
1.08563e+06 33
1.08607e+06 34
1.08754e+06 35
1.08758e+06 34
1.08945e+06 35
1.09058e+06 36
1.09099e+06 37
1.09306e+06 36
1.09309e+06 37
1.095e+06 38
1.09647e+06 37
1.09658e+06 38
1.09744e+06 39
1.09752e+06 38
1.09943e+06 39
1.09943e+06 38
1.09995e+06 39
1.10033e+06 38
1.10033e+06 37
1.10033e+06 36
1.10033e+06 35
1.10033e+06 34
1.10033e+06 33
1.10033e+06 32
1.10033e+06 31
1.10033e+06 30
1.10033e+06 29
1.10036e+06 28
1.10039e+06 27
1.10042e+06 26
1.10045e+06 25
1.10048e+06 24
1.10051e+06 23
1.10053e+06 24
