0
0
0
0
0
0
0
0
0
0
0
0
0
0
0
0
0
0
6010.84
0
0
2644.81
0
1536.91
7825.67
1967.52
3452.92
0
0
3925.45
0
0
10326.8
736.949
8957.15
652.718
0
0
0
12.0979
5736.07
3493.99
3168.69
22448.5
1515.68
741.296
694.589
21614.8
11726.2
19258.1
22392.5
3091.35
22533.4
1251.95
23289.7
22065.4
21536
20045.3
10813.3
2395.21
23971.9
19688.5
22905.8
20914.9
23214.9
20262.7
21146.9
14193.3
14449
19814.3
5101.23
22059.4
18802.5
19406.1
14193.4
22310.1
4343.94
19212.3
21050.1
22452.9
24855.8
3990.88
5950.26
30122.6
36808.8
37264.9
283.693
35762.9
36894.3
3035.54
22582.6
37072.5
21551.7
37714.6
2728.22
28538
30126.6
28828.7
36646.5
31185.9
27590.5
28371.6
29712.4
3586.16
25905.4
25954.5
3133.63
18144.8
48588
16380.2
9599.48
9067.95
2197.48
5179.36
5536.21
16986.6
21443.1
17409.6
11526.6
5036.39
38778.7
8569.73
6763
5442
3119.86
4500.39
83495.3
5096.25
80244.5
2693.5
6044.8
4160.22
4582.54
72973.2
77522.6
8491.59
4369.73
3074.23
6706.26
64356.6
14504.6
16329.3
65475.4
58925.2
7309.43
10619.6
11060.6
10191.6
11241
65230.3
8045.87
13549
12186.3
13092.7
3860.64
39116
41778.7
1733.7
44844.1
9257.01
37936.7
5603.65
40544.1
33141.6
37130.1
6718.02
3214.15
36268.5
34934.6
9913.3
36254.7
2255.55
40563.6
2704.97
38205.1
36255.5
2364.24
3796.84
34294.8
4610.02
7496.46
23244.2
28779.5
32763.2
30232.3
29708.1
30907.5
1365.53
10726.4
1768.64
8619.15
5955.81
45781
5620.16
19532.4
5467.4
29582.2
3403.12
2861.86
63627.7
58956.7
56233.5
36158.4
45723.7
44439.3
37285.1
12666.3
10794
7664
11772.7
6413.93
1924.03
36758.9
54860.2
14501.5
19344.9
12438.3
540.031
35009.9
7437.23
4969.47
3019.43
61196.9
48544.8
45273.6
10776.9
52617.4
9970.79
45947.3
46143.1
47939.5
58100.3
10095
11954.7
1716.79
4688.32
61495.5
14613
7958.91
1509.63
63713.3
3002.09
15762.8
13304.4
9303.9
79482.5
4699.29
81444.5
10823.2
6412.16
8065.17
92666.8
9372.36
6932.99
6165.26
12400
85061.5
12828.9
11445.5
12922.9
79699.6
11420.2
82311.6
15612.2
16486.8
78761.1
95599
16851.9
18489.6
96846.7
14312.3
6157.79
19110.1
6410.2
4087.83
5789.56
4576.35
5414.59
9511.76
100434
10625.4
91103.6
95918.4
8106.77
8180.77
85874.6
78434.3
83941.1
96414.8
92988.9
7733.51
5879.87
4643.22
55261.3
89122.4
58302.5
11050.2
18270.4
59577.2
6507.23
67279.2
15570
30319.4
8657.46
9635.26
21880
8430.31
13203.1
11695.2
12769.5
7887.04
14877.2
4712.19
9550.08
13356.4
6963.55
13521.2
43312
7246.16
9049.49
15328.4
124394
107605
44892.8
8520.33
