0
0
2000.6
0
3209.68
4093.13
6226.8
5497.51
6836.9
11130.4
7870.15
0
7412.28
6014.38
0
11199.6
6892.54
7665.7
3235.75
0
6508.12
7636.67
6582.92
0
369.675
0
6293.82
3098.83
5815.53
5228.85
6511.88
2848.59
11203.4
13071.6
14034.1
4414.74
3929.4
4013.38
4053.54
6529.63
2315.65
2100.2
14655.6
6864.37
8128.11
6691.47
11715.7
6982.69
12839.6
4614.47
4.06799
4879.4
981.422
6233.07
5734.27
10351.2
611.73
4889.45
13573
0
2087.29
6475.79
2918.63
6714.4
3055.51
6472.95
1482.98
7167.9
9938.17
12205.7
5374.26
6535.36
14662.4
10924.1
10934
15126.6
6986.52
13637.8
12742.4
16173
7101.82
10806.3
6222.06
14012.3
1923.51
13826.5
15306.1
1893.51
11715.3
2608.98
1198.49
7635.53
10321.6
7891.36
3522.68
5709.16
3620.97
4636.01
11696.7
10244.7
4240.62
4130.42
3590.97
7158.18
7930.32
27233
8550.44
29837.3
9117.68
26585.2
13028.4
14349.7
6272.15
32050.4
20696.3
30251.5
4461.21
12432.7
11822.6
13322
11850.5
19004.1
5763.28
3879.91
25685.8
5290.22
1272.77
3780.53
7461.24
11283
2994.46
9838.37
20458.9
17005.6
9455.33
3744.56
9838.65
9854.29
11009.2
11191.1
6160.97
1727.8
847.638
12285
8114.44
15296
15326
2743.8
2559.82
6279.33
9191.46
928.709
751.785
14198.5
782.335
4857.26
257.829
3182.96
2660.48
3408.23
6126.51
0
4530.59
1848
6514.22
4648.09
7235.29
5319.14
7278.07
0
2075.42
8462.92
3536.87
8212.94
1553.39
2801.32
3765.92
4224.68
1341.2
5955.84
3370.29
2547.11
10074.5
9957.37
5009.59
358.306
11994.4
15246.2
13797.6
13468.1
8959.23
11531.6
7374.14
6499.9
0
11929.5
9307.27
7758.8
5423.58
1951.14
1996.06
4061.92
2069.79
1912.92
3175.19
4695.74
7769.83
5629.63
2934.39
2785.73
0
6976.7
3685.19
16696.7
8659.58
3708.09
10697.9
19691.1
4555.98
12197.3
14026.5
15872.8
7687.33
9838.97
1576.5
6595.08
12765.3
8456.3
4242.4
2895.51
7935.21
9334.96
14492.2
8293.53
26206.9
24352.3
17798.9
16038.4
17555.2
9525.75
1960.42
8266.42
9392.1
8060.57
16543.3
4793
11270.3
15903.9
2750.57
5767.3
3587.64
670.73
3121.59
4227.99
5766.66
0
20253
0
1792.09
1232.59
16570.8
9599.63
5390
5957.86
4774.41
10370.1
11132.7
3622.84
11504.9
870.303
14460.4
10074.9
12335.8
9843.68
3750.4
12583.8
12656.3
12508.7
10675.4
7444.8
4938.71
5626.56
10220.5
9794.81
9797.16
8009.23
9898.66
7922.74
9698.21
4160.96
11707
11255.6
3270.05
9021.38
7960.9
8991.94
9716.55
9004.49
10123.1
31884.7
10018
27452.9
3334.84
45253.6
9309
4304.32
10355.6
29137.8
32160.1
29934.8
10470.2
7223.54
38476.6
43021.8
5106.4
29245.5
7733.43
10667.8
15164.3
13571
6260.98
15374.2
4243.4
7944.6
9637.84
