3383.75 1
3383.75 0
4297.1 1
4297.1 0
4783.31 1
4783.31 0
8119.43 1
8119.43 0
8496.83 1
8496.83 0
8916 1
8916 0
9678.83 1
9678.83 0
10199.5 1
10199.5 0
11787.3 1
11787.3 0
13189.2 1
13189.2 0
14521.6 1
14521.6 0
15622.2 1
15622.2 0
15854.3 1
15854.3 0
17671 1
17803.1 2
18077.4 1
18084.5 0
18465.7 1
18465.7 0
18726.8 1
19026 2
19384.2 3
19575.3 4
20252.9 5
20397.9 4
20607.2 3
20862.4 2
20943.4 3
21097.8 2
21659.8 3
21754.2 4
21760.4 5
22154.9 4
22365.8 3
22665.6 4
22683.7 5
23402.8 4
23895.6 3
24144.7 4
24174 3
24741.4 4
24810.3 3
25278.3 4
25362.2 3
25362.2 2
25362.2 1
25362.2 0
26301.2 1
26301.2 0
26959.4 1
26959.4 0
28098.5 1
28264.5 0
29362.3 1
29362.3 0
30424.1 1
30976.8 0
31608.9 1
31742.2 2
33690.8 1
33986.8 0
35116.2 1
35116.2 0
35807.5 1
35807.5 0
36347.8 1
36401.1 2
37288.6 3
37692.2 2
38118.7 3
38234.4 2
38249.9 3
38353.8 4
39004.1 5
39410.3 4
39517.6 5
39879.5 4
40324.3 3
40393.3 4
40394 5
40421.1 4
41224.7 5
41301.9 6
41363.6 7
42297.3 8
42481.5 9
42650.9 10
42818.7 11
43266.8 12
43860 13
44634.3 14
45714 13
45728.2 14
46022.1 15
46202.3 16
46638.8 15
46986.4 14
47104.7 15
47209.4 14
47399.7 13
48951.6 12
49181.5 11
49439.2 12
50080.4 11
50248.8 12
50931.3 13
51184.8 14
51213.3 13
51280.9 12
51280.9 11
51280.9 10
51280.9 9
51917.6 10
52288.3 9
52487 10
53031.1 11
53409.9 12
53932.9 13
54125.4 12
54526.2 11
54668.3 10
54689.8 11
54982.1 10
55074.3 9
55609.3 8
55635.7 7
55730.6 8
56093.3 9
56180.9 10
56343.6 11
57218.4 12
57285.4 13
57618.1 12
58225.3 11
59212.2 12
59438.2 11
59459.9 10
59478.8 11
59942.8 10
60021.5 11
60545 12
60937 11
60952.1 12
61258.3 13
61263.3 14
61600.3 13
61792.2 14
61936.5 15
62335.3 16
62898.4 15
63709.7 16
63731.1 15
64334.5 16
64629 17
65158.5 16
65403.5 17
65408.2 18
65859 17
65962.8 16
66214.5 15
66474.8 14
66750.9 15
68065.3 16
69080.9 17
69711.9 18
70022.9 19
71025.7 20
71580.7 21
71764.3 20
72458.4 19
72669.5 20
73309.2 21
73952.4 22
75260.6 21
75286.6 22
75723.7 23
76404.7 22
76404.7 21
76404.7 20
76404.7 19
76404.7 18
76404.7 17
76493.3 18
76859 17
78155.3 18
79560.2 17
79860.5 16
80942.5 15
81445.2 16
81925 17
83754.3 18
83878 19
84250.2 20
84541.8 21
85308.6 20
86041 21
86608 20
87061.6 21
87147.8 20
87512.2 21
87976 22
89551.5 21
89613.7 22
90253.7 23
91047.8 24
91257.6 23
92044.3 24
92257.8 25
93150 26
93753.9 27
94119.3 26
94609 27
94865.2 28
95302.6 29
95845.9 28
96108.1 29
96450 30
96467.2 31
96915.7 32
100097 33
100382 34
100819 35
101481 36
101515 35
101515 34
101515 33
101515 32
101515 31
101515 30
101515 29
102039 30
102682 31
103204 32
103573 31
104557 30
105209 31
105393 30
105605 31
105616 32
107995 33
108294 32
108646 33
109216 34
109508 35
110188 34
110241 35
110517 36
110705 37
110862 38
111179 37
111465 38
111603 37
112380 38
113438 39
114021 40
114354 39
114752 38
115250 39
115566 40
115627 39
115774 40
116406 39
116890 38
117348 39
117813 40
118094 41
118446 42
119451 41
119847 40
120458 39
120607 40
120790 39
121208 40
121451 41
121640 42
123059 43
123092 44
123534 45
123779 44
123996 43
124719 42
125001 43
125221 44
125499 43
125693 44
125873 45
126040 44
126455 43
126514 42
126514 41
126514 40
126514 39
126514 38
126514 37
126514 36
126514 35
126514 34
126514 33
126514 32
126601 33
127626 34
127650 33
128358 32
128846 31
129149 30
129547 29
129790 30
130906 31
131415 30
131577 31
131848 32
132307 31
132581 30
132644 31
132969 32
133298 31
133513 30
133657 31
133680 32
134078 33
134238 34
134722 35
135359 34
135491 35
136297 34
136666 35
136713 34
137095 35
137133 36
137297 37
137332 36
137890 35
138028 36
138385 37
138508 36
138587 35
138652 36
139039 35
139135 34
139209 35
139683 36
139766 35
139903 34
140077 33
140222 34
140433 35
140729 34
140760 35
141476 36
141590 35
142171 34
142416 35
142560 34
142587 33
143171 32
143622 33
143720 32
144012 31
144154 32
144231 31
144246 32
144466 31
144641 30
144680 31
145209 30
145509 29
145981 28
146556 29
147256 30
147972 31
148172 30
148297 31
148692 30
148909 31
150021 30
150108 31
150352 30
150695 29
150831 30
151114 29
151190 28
151292 27
151444 26
151444 25
151444 24
151444 23
151444 22
151444 21
151444 20
151444 19
151444 18
151586 17
151616 18
151755 17
152617 18
152940 17
152957 18
153393 19
154119 18
154468 19
154780 18
155023 19
155741 18
155762 19
155956 18
156155 19
156629 20
157155 19
157313 20
157632 19
157723 18
158357 19
159039 20
159400 21
159551 20
159717 19
159738 18
159870 19
160009 18
160102 17
160409 16
160693 15
161108 16
161435 17
161595 16
161722 15
162023 16
162482 15
162513 16
162728 15
162750 14
163360 15
163493 16
163702 15
163777 14
164094 15
164256 14
164533 15
165120 14
165795 13
166033 14
166555 13
166667 12
167585 13
168199 12
168370 11
168543 10
168679 9
168821 8
169133 9
169169 10
169258 9
169718 10
170468 11
171986 12
171990 11
172258 10
172422 11
172711 10
172977 9
173164 10
173609 11
174043 12
175036 13
175072 14
176265 13
176265 12
176265 11
176740 10
176785 11
177129 12
179155 13
179880 14
180195 15
180202 14
181568 15
181950 16
182480 17
182945 18
183217 19
183769 20
184204 21
185118 22
185787 23
185896 22
185981 23
186163 24
186500 23
186684 24
187240 25
188304 26
188748 27
189470 28
190432 29
190779 30
191183 31
191699 32
191958 31
192147 32
192543 31
192905 32
192938 33
193588 32
194317 33
194911 32
194934 31
194992 32
195616 33
196230 34
196785 33
196952 34
196955 35
197281 34
197681 35
198611 34
199050 35
199133 34
199389 33
200119 34
200198 33
201004 32
201004 31
201004 30
201004 29
201004 28
201004 27
201004 26
201004 25
201004 24
201004 23
201004 22
201004 21
201004 20
201306 19
201331 18
201813 17
202540 16
202809 17
203200 18
203479 17
203621 18
204210 19
204497 20
204829 19
204856 20
205217 21
205307 22
206236 23
206830 22
207562 21
208367 20
208384 21
208579 22
208689 21
208690 22
208867 23
209260 22
209340 23
209363 22
210031 21
210073 22
210721 23
210794 22
211421 23
212096 24
212534 25
212591 24
212806 23
213016 24
213069 23
213306 24
213418 25
214020 26
214495 27
214695 26
214701 25
215360 24
215699 25
215857 24
216037 25
216430 24
216498 25
216528 24
216627 23
216920 22
217178 23
217657 24
218165 25
218257 26
218632 27
219988 26
220105 27
220727 26
220950 27
221010 26
221034 25
222068 24
222668 23
223144 24
223145 25
223330 24
223490 25
223914 26
224224 27
225574 28
225849 29
226825 28
226825 27
226825 26
226825 25
226825 24
226825 23
226825 22
226825 21
227479 20
227998 21
228042 22
228340 23
228547 24
228879 25
229516 24
229675 25
230009 26
230357 27
231304 28
231713 29
231723 30
232092 31
232636 32
232782 31
232948 32
233034 31
233690 30
233751 29
234095 28
234508 27
234625 28
234668 27
234899 26
234928 27
235364 28
235447 27
235900 26
236367 25
237046 24
237068 25
237634 26
237842 25
238231 24
238617 25
238973 26
239254 25
239853 24
240168 23
240230 24
241266 23
241553 22
241891 23
242117 22
242181 21
242726 22
243590 23
243849 22
243972 21
244302 20
244584 19
244944 18
244992 17
245509 16
246023 15
246624 14
246633 15
247263 14
247299 15
247318 14
247389 13
248296 12
249339 13
249354 12
249688 13
250254 14
250687 13
250687 12
250687 11
250687 10
250904 9
251068 8
251766 7
251767 6
252172 5
252736 4
253107 3
253207 2
253270 1
253639 0
254192 1
254347 0
254890 1
254890 0
256435 1
256435 0
256550 1
256550 0
256795 1
257241 0
257353 1
257635 0
258875 1
258875 0
258952 1
259229 0
259299 1
260497 0
260536 1
260653 0
261508 1
261560 0
262427 1
262427 0
262865 1
263075 0
263413 1
264263 0
265330 1
265330 0
266377 1
266377 0
266889 1
266889 0
267082 1
267082 0
267505 1
267505 0
267893 1
267964 0
270836 1
270836 0
271454 1
271554 0
272321 1
272321 0
273329 1
273329 0
274048 1
274048 0
274214 1
274718 0
275549 1
275549 0
276538 1
276538 0
277137 1
278304 2
279802 1
280059 2
280218 3
280267 2
280790 3
281735 2
281779 3
282654 2
283086 1
283239 2
284732 3
284845 4
285351 5
285589 6
285653 5
285736 6
286037 7
286997 8
287864 9
288109 10
289037 11
289517 12
290703 13
291104 14
291106 13
291334 14
291656 15
293761 14
294051 15
294074 16
294482 15
294625 16
295495 17
295759 16
295836 17
295986 18
297025 17
297238 16
297282 17
297507 16
297509 17
297902 16
298787 15
300242 16
300327 15
300327 14
300327 13
300327 12
301275 13
302038 12
302411 13
303812 14
303822 15
304012 14
304508 15
304936 14
305095 15
305707 14
306748 13
306848 14
307027 15
307249 16
307387 15
308211 14
308320 15
309045 14
309247 15
309944 16
310074 17
310128 18
310257 17
310316 16
310521 15
310809 14
311488 15
311501 16
311791 15
312380 14
312581 13
313221 14
313506 15
313632 16
313704 15
313823 14
314146 13
314192 12
314548 11
314633 12
314939 11
315077 12
315438 13
316216 14
316677 15
316700 14
317307 13
317514 12
317845 11
318037 12
318106 11
318577 10
318651 9
318717 10
318822 11
318886 10
319584 11
319882 10
320165 11
320207 10
320372 9
320404 8
321008 9
321141 10
321197 9
321946 10
322318 11
322340 12
322436 11
322985 12
323773 13
323851 12
324305 11
324687 10
324980 11
325220 10
325566 9
325938 8
326283 7
326283 6
326283 5
326283 4
326512 3
326891 2
327209 1
327248 0
327977 1
327977 0
328849 1
328849 0
329230 1
329230 0
329588 1
329588 0
330298 1
330298 0
330447 1
330447 0
331402 1
331402 0
331410 1
331410 0
332110 1
332110 0
332453 1
332453 0
333540 1
333540 0
334159 1
334159 0
336974 1
336974 0
337013 1
337013 0
337043 1
337043 0
337487 1
337612 0
338163 1
338163 0
339025 1
339025 0
339897 1
339916 2
340486 3
340746 4
341411 5
341649 4
342013 5
342419 6
343909 5
344111 6
344282 7
344316 6
344683 5
344754 4
345326 5
346202 4
346432 3
346819 4
346829 5
347084 4
347095 3
347395 4
347462 3
347711 2
347918 3
347943 2
348456 1
348768 0
349743 1
349743 0
350364 1
350364 0
350706 1
352023 0
352253 1
352461 2
352912 3
353065 4
354035 5
354253 6
356003 5
356179 6
356572 7
356808 8
357868 9
358252 10
358742 11
358765 12
359458 13
360277 14
360761 15
362231 16
362824 17
362979 18
363998 17
364666 16
364843 17
365258 18
366972 19
367535 20
367573 21
367921 22
368124 23
368293 22
368563 23
368702 22
370036 23
370425 22
371355 23
372095 24
373766 25
374133 26
374792 27
374883 28
375760 27
375760 26
375760 25
375760 24
375760 23
375760 22
375760 21
375760 20
375760 19
375760 18
375967 19
376135 20
376656 19
376986 20
378114 19
378725 18
378905 19
381532 20
381709 21
383024 22
383184 21
383258 22
383924 23
383924 22
384447 23
384828 24
384857 23
385257 24
385706 23
386258 24
386429 25
386454 26
386522 25
386558 26
387165 27
387308 26
387815 25
387951 26
387976 27
388035 28
388138 27
388154 28
388526 29
388809 30
389028 29
389152 30
389707 31
389984 30
390364 31
390709 32
390718 33
390762 34
391052 35
392111 36
392203 35
392212 34
392417 35
392698 34
392883 33
392993 32
393272 31
393304 30
393703 29
394860 30
395433 31
395462 30
397027 31
398407 32
398579 33
398946 34
399827 33
399827 32
399827 31
399827 30
399827 29
399827 28
399827 27
399827 26
400563 27
400641 26
400908 25
401600 26
401875 27
403391 28
404185 29
404789 30
404927 31
406243 32
406741 31
406887 32
407467 33
408159 34
409233 33
409380 34
409524 35
409680 36
410337 37
410782 36
410895 37
411890 36
412304 35
412551 34
412589 35
413217 36
413466 35
413546 34
414064 35
414483 36
415090 35
415487 34
416773 33
417020 34
417518 35
417575 36
417992 37
419431 38
421360 39
421901 38
422098 37
422635 38
423744 39
424373 40
424834 41
424939 40
424939 39
424939 38
424939 37
424939 36
424939 35
424939 34
424939 33
424939 32
426266 33
426407 34
426928 35
428423 36
429445 37
429915 38
430126 39
430877 40
431528 41
431740 42
432563 43
433432 44
434692 45
435440 46
435835 47
437009 48
437793 49
437895 50
437977 51
438859 52
439188 53
440183 54
441055 55
441162 56
442036 57
444450 58
445149 59
447643 60
448291 61
448485 62
449363 63
449763 64
450048 63
450048 62
450048 61
450048 60
450048 59
450048 58
450048 57
450048 56
450048 55
450048 54
450048 53
450048 52
450048 51
450048 50
450048 49
450048 48
450048 47
450165 48
450779 49
451503 50
452729 51
453677 52
455181 53
455208 54
456265 55
457789 56
459079 57
459556 58
460077 59
461207 60
461913 61
462513 62
462776 63
463211 64
463954 65
464069 66
464484 67
464538 68
465320 69
466364 70
466633 71
467082 72
467765 73
468261 74
468733 75
468744 76
469098 77
469739 78
469995 79
470912 80
471555 81
471821 82
472386 83
473498 84
474094 85
474439 86
475109 85
475109 84
475109 83
475109 82
475109 81
475109 80
475109 79
475109 78
475109 77
475109 76
475109 75
475109 74
475109 73
475109 72
475109 71
475109 70
475109 69
475109 68
475109 67
475109 66
475109 65
475109 64
475109 63
475109 62
475109 61
475109 60
476120 59
476496 60
476887 61
478350 62
478776 63
479344 64
479371 63
479730 64
479842 65
480541 64
481073 65
481158 66
481457 65
481935 66
482602 67
483151 68
484048 69
484263 70
484337 71
484728 70
486066 71
486221 72
487239 73
488349 74
490010 75
490876 76
491080 77
491512 78
492636 79
492869 80
493337 81
495531 82
495734 83
496144 84
496505 85
497292 86
498268 87
498647 88
498819 89
499063 90
499096 91
499539 92
499545 91
499860 90
499860 89
499860 88
499860 87
499860 86
499860 85
499860 84
499860 83
499860 82
499860 81
499860 80
499860 79
499860 78
499860 77
499860 76
499860 75
499860 74
499860 73
499860 72
499978 71
500678 72
500774 73
501110 72
501529 71
502554 70
503042 71
503706 70
503726 71
503969 70
503987 71
504271 72
504422 71
505159 72
506190 73
506254 72
508152 71
508397 70
508740 71
509666 72
510246 73
511278 74
511896 75
511957 76
511995 77
512420 78
512590 77
512816 78
513245 79
514702 80
515127 81
515426 80
516392 79
517090 78
517454 79
517712 78
517943 79
519242 80
519469 79
521292 78
521823 79
522012 80
522046 81
522456 82
523014 83
523662 84
523955 85
524605 84
524605 83
524605 82
524605 81
524605 80
524605 79
524605 78
524605 77
524605 76
524605 75
524605 74
524605 73
524605 72
524605 71
524605 70
524605 69
524605 68
524605 67
524605 66
524605 65
525364 66
525671 67
526071 68
526588 69
527507 70
528273 71
528345 72
529507 73
529522 74
530767 75
531994 76
532031 77
532638 78
533072 79
533288 80
533356 81
534557 82
535192 81
535312 82
536074 83
536587 84
536929 85
537331 86
537451 87
539120 88
539350 89
540627 90
540754 91
541058 92
541514 93
542122 94
542387 95
543750 96
543910 97
544196 98
544922 99
545694 100
546526 101
547878 102
548034 103
549257 104
549334 105
549575 104
549575 103
549575 102
549575 101
549575 100
549575 99
549575 98
549575 97
549575 96
549575 95
549575 94
549575 93
549575 92
549575 91
549575 90
549575 89
549575 88
549575 87
549575 86
549575 85
549575 84
549575 83
550016 84
550482 85
550674 86
551959 87
552386 88
553312 89
553557 90
554395 91
554908 92
555211 93
555420 94
555479 95
556249 96
557266 97
557953 98
558285 99
559001 100
559521 101
560462 102
560489 103
560986 104
561016 105
561441 106
561550 107
562155 108
562846 109
563926 110
564536 111
564963 112
565184 113
566099 114
566879 115
567007 116
567103 117
568938 118
569214 119
569429 120
569694 121
570870 122
570942 123
571673 124
572236 125
573202 126
573705 127
573773 126
573773 125
573773 124
573773 123
573773 122
573773 121
573773 120
573773 119
573773 118
573773 117
573773 116
573773 115
573773 114
573773 113
573773 112
573773 111
573773 110
573773 109
573773 108
573773 107
573773 106
573773 105
573773 104
573773 103
573773 102
573773 101
573773 100
573773 99
573773 98
573773 97
573773 96
573773 95
573773 94
574405 95
575071 96
575401 95
575544 94
575812 95
575902 94
576027 93
576298 94
576795 95
577006 94
577099 93
577464 94
577880 95
578490 94
579144 93
579583 94
579891 93
579988 94
581518 95
581522 96
581928 97
582430 98
582875 99
583169 100
583292 101
583844 102
584383 103
585069 104
586069 103
586300 104
586333 105
586787 106
587120 105
588773 106
589359 107
589864 108
589930 109
590580 110
591030 111
591969 112
592197 111
593012 112
593664 111
594081 112
594387 111
595029 110
595135 111
595320 112
596038 111
596271 112
596560 111
596874 112
596966 111
597172 112
597227 111
597325 112
598277 111
598404 112
598736 113
599277 112
599277 111
599277 110
599277 109
599277 108
599277 107
599277 106
599277 105
599277 104
599277 103
599277 102
599277 101
599277 100
599277 99
599277 98
599277 97
599277 96
599277 95
599277 94
599277 93
599277 92
599277 91
599277 90
599277 89
599277 88
599277 87
599775 86
599790 85
599925 86
599997 85
602753 84
603097 83
603656 84
604011 83
604656 84
605162 85
605956 86
606262 87
606896 88
607894 89
608191 88
608533 89
609170 90
610349 91
610499 92
611062 93
611146 94
611681 95
611707 96
612267 97
612768 98
613093 99
613401 100
614441 101
614939 102
615459 103
615763 104
616204 105
617172 106
617197 107
617440 106
617700 107
618309 108
618424 109
618547 110
618788 109
619292 110
619325 109
619940 108
620243 109
621566 110
621784 111
622571 112
622641 113
623842 114
623969 113
623969 112
623969 111
623969 110
623969 109
623969 108
623969 107
623969 106
623969 105
623969 104
623969 103
623969 102
623969 101
623969 100
623969 99
623969 98
623969 97
623969 96
623969 95
623969 94
623969 93
623969 92
623969 91
623969 90
623969 89
623969 88
623969 87
624560 86
625047 85
626064 86
626773 87
627108 88
628218 89
628285 90
628457 89
628960 90
630442 91
630531 92
630718 91
630992 92
631011 93
631350 94
631893 95
632253 94
632680 93
632798 94
633226 95
633716 96
634125 97
634232 96
634970 97
635208 96
635568 97
635838 98
636273 99
636330 98
636794 99
637026 98
637150 97
637393 96
637696 95
638164 94
638230 93
638244 94
638517 95
638871 94
639369 95
639574 96
639721 97
639997 98
640412 99
640992 98
641241 99
641381 98
642469 97
642851 98
643063 97
643377 98
643430 99
643783 100
644248 99
644436 100
644811 101
645039 102
646244 101
646407 102
646853 103
647089 102
647846 103
648163 104
648442 105
648468 104
648941 105
649201 106
649517 107
649589 106
649589 105
649589 104
649589 103
649589 102
649589 101
649589 100
649589 99
649589 98
649589 97
649589 96
649589 95
649589 94
649589 93
649589 92
649589 91
649589 90
649589 89
649589 88
649589 87
649589 86
649589 85
649589 84
649589 83
650331 82
650478 83
650987 82
651132 83
651361 82
652245 81
654201 82
654345 81
654512 80
655200 79
655573 80
655795 81
656246 80
656504 79
656627 80
656964 81
657338 82
659098 83
659332 82
659964 83
660045 84
660100 85
660207 86
661649 85
662130 86
662149 85
662793 86
662981 85
663192 84
663336 83
663423 84
663537 83
664504 84
665144 85
665447 84
665572 85
666186 84
666556 85
667682 86
668075 87
669035 88
669203 89
669584 90
670017 91
670841 92
671576 93
671867 94
672331 95
673300 96
673747 95
673873 94
673873 93
673873 92
673873 91
673873 90
673873 89
673873 88
673873 87
673873 86
673873 85
673873 84
673873 83
673873 82
673873 81
673873 80
673873 79
673873 78
673873 77
673873 76
673873 75
673873 74
673873 73
673873 72
674426 73
674824 72
676124 71
676437 72
676535 71
676994 70
677203 71
677770 70
679120 71
679217 72
679917 73
680374 74
680746 75
680939 74
681080 73
682027 72
682507 71
682854 72
683262 71
683858 70
684209 71
684485 70
685292 71
685538 72
685596 71
685999 72
686666 73
687817 74
688558 75
688886 76
689276 77
689793 78
691602 79
691821 80
692082 79
692158 80
692362 79
692709 80
692723 81
693948 82
693963 81
694038 82
694279 83
694515 84
694793 85
694879 86
695161 87
695868 88
695922 87
696979 88
697248 89
697481 90
697821 91
698678 92
698884 91
698884 90
698884 89
698884 88
698884 87
698884 86
698884 85
698884 84
698884 83
698884 82
698884 81
698884 80
698884 79
698884 78
698884 77
698884 76
698884 75
698884 74
698884 73
698884 72
698884 71
698884 70
698884 69
701441 68
701981 69
702604 68
703384 67
704035 66
704443 67
704836 68
704918 67
705113 66
705337 65
705929 66
706025 67
706205 66
706444 65
706819 66
707277 65
707371 66
707687 67
707974 68
708394 69
708455 68
708562 67
708724 68
708820 67
708910 66
709343 65
709678 64
710357 63
710553 62
711228 61
711283 62
711907 63
712015 64
712217 63
712899 64
713077 63
713256 64
713823 65
714019 66
714731 67
715335 66
715714 65
717313 64
717716 65
718106 66
718158 65
718746 64
719006 65
719270 66
719512 67
719585 66
720101 65
720214 66
720841 67
720872 68
721085 69
722795 70
724653 71
724789 72
724833 71
725144 70
725144 69
725144 68
725144 67
725144 66
725144 65
725144 64
725144 63
725144 62
725144 61
725144 60
725144 59
725144 58
725144 57
725144 56
725144 55
725144 54
725328 55
725689 54
725888 53
725993 54
726025 53
726439 52
726770 51
726983 50
727652 51
727942 52
728274 53
728289 54
728733 53
729125 52
729228 51
729485 50
729668 49
729792 50
730203 49
730478 50
730739 49
730871 50
731704 51
731772 50
731775 49
731887 48
732281 47
732571 48
733186 47
733404 46
734730 47
735382 48
735773 49
735783 48
736273 49
736497 48
736864 47
737024 48
737391 49
738086 48
738332 47
738370 48
738451 49
738604 48
738862 49
739142 48
739706 49
740325 50
740537 51
741122 52
741124 53
741386 54
741719 55
741913 56
742380 57
743459 58
744836 59
745295 60
745844 61
745889 62
746335 63
746380 64
747187 65
748167 66
748572 67
748952 68
749342 69
749514 70
749630 69
749630 68
749630 67
749630 66
749630 65
749630 64
749630 63
749630 62
749630 61
749630 60
749630 59
749630 58
749630 57
749630 56
749630 55
749630 54
751560 55
751684 54
752081 55
753368 56
753648 57
753799 58
754548 57
754555 58
754623 59
755253 60
755748 59
756594 60
756693 61
756981 62
757041 61
757662 62
759063 61
759288 60
759620 61
759910 62
760026 63
760729 64
760797 65
761327 66
762300 65
762725 64
762789 65
763165 66
763305 65
763381 66
764526 67
764846 68
764977 67
765413 66
765625 65
766040 64
766411 65
767330 66
769239 67
769773 68
770068 69
770354 70
770504 71
771179 72
772421 73
772624 74
773350 73
774271 72
774465 71
774673 72
775295 73
775347 72
775347 71
775347 70
775347 69
775347 68
775347 67
775347 66
775347 65
775347 64
775347 63
775347 62
775347 61
775347 60
775347 59
775347 58
775347 57
775430 56
775770 55
775816 54
775948 55
776488 56
776514 55
776858 54
777231 53
777289 54
777997 55
778272 56
778623 57
779019 56
779093 57
780273 56
780287 55
781131 54
781551 53
782220 52
782236 51
783026 52
783429 51
783504 52
783636 51
784291 50
784327 51
784534 50
784906 49
785173 50
785305 49
785423 48
785820 47
785963 46
786736 45
786748 46
787067 47
787122 46
787274 45
787340 44
788122 43
788145 44
788717 45
788844 44
789333 43
789712 42
790244 41
790391 40
790557 41
790666 40
791995 41
792396 42
792441 41
793108 40
793501 41
793772 42
793893 41
794333 42
794478 41
794831 42
795870 41
796348 42
797588 41
797733 42
797820 41
798501 42
799184 43
799624 44
799789 43
799789 42
799789 41
799789 40
799789 39
799789 38
799789 37
799789 36
799789 35
799789 34
799789 33
799789 32
800612 31
800880 30
801587 31
802338 32
802449 31
803136 32
803194 31
803308 30
803576 31
803728 30
804707 29
804715 28
804767 29
805157 30
805236 29
806087 28
806367 29
806968 30
809217 31
809533 32
810459 33
810735 34
810789 35
812421 36
813799 37
814459 38
815633 39
815925 38
816237 39
816650 40
816654 39
816789 40
816913 41
817224 40
817829 39
817878 38
818083 37
818525 36
818568 37
819078 38
819610 37
819654 36
819877 35
819994 36
820777 35
820785 36
821876 37
821993 36
822378 37
822735 38
823439 39
824116 40
824277 39
824296 40
824726 39
824726 38
824726 37
824726 36
824726 35
824726 34
824726 33
824726 32
824726 31
824726 30
824726 29
824726 28
824726 27
825030 28
825858 29
826441 30
826805 31
827142 30
827908 31
828420 32
829534 31
830209 32
831978 33
832521 34
832783 33
834005 34
834343 35
834577 36
834893 35
835479 36
835576 35
835918 34
836114 35
836495 34
836708 33
837054 34
838125 35
838208 36
838740 37
839122 38
839738 37
839920 38
840183 39
840759 40
841262 41
841510 42
841827 43
841972 42
842302 43
842449 44
843232 43
844392 44
844572 45
844672 44
845783 45
846244 46
846484 47
847226 48
847652 49
848337 48
848840 47
849215 46
849215 45
849215 44
849215 43
849215 42
849215 41
849215 40
849215 39
849215 38
849215 37
849215 36
849215 35
849215 34
849959 33
850099 32
850299 31
850373 30
850658 29
851086 28
851525 27
851755 26
851818 27
852295 28
852297 27
852888 28
853212 27
853248 28
853693 29
853998 30
854131 31
854568 30
854570 31
854726 30
855180 29
855348 30
856075 29
856472 30
856721 29
857051 28
857911 29
858347 30
858602 31
858971 32
860122 33
860164 32
861277 33
861574 32
861617 31
861704 32
862171 31
862607 32
863003 33
863243 32
864433 31
864948 30
864973 31
865064 32
865212 33
867181 34
867583 35
868076 36
868512 37
868985 38
869240 37
870102 38
870388 37
872018 38
873580 39
874281 38
874281 37
874281 36
874281 35
874281 34
874281 33
874281 32
874281 31
874281 30
874281 29
874281 28
874281 27
874281 26
874487 27
874576 28
874655 27
875150 28
875208 27
875346 26
875577 25
876292 26
876503 25
877378 24
877482 25
877674 24
877878 23
878136 24
878289 23
878635 24
878815 23
878852 22
878878 23
879034 22
879490 23
879624 22
879960 21
880394 20
880754 21
881297 22
881465 23
881645 22
882029 23
882215 22
882407 23
882913 22
883201 23
883558 22
883820 23
883889 24
884203 23
884498 24
884586 25
884979 24
885625 25
885957 24
886436 25
886472 24
886743 25
887173 24
888157 25
888353 24
889158 25
889352 26
889353 25
890064 24
890517 25
890756 26
891384 27
891384 28
891951 27
892243 26
892285 27
892462 28
892503 29
892513 30
893267 29
894143 28
894436 29
894530 30
895339 31
895659 32
895773 33
897884 34
898566 35
898624 36
899044 37
899526 38
899818 37
899818 36
899818 35
899818 34
899818 33
899818 32
899818 31
899818 30
899818 29
899818 28
899818 27
899818 26
900217 27
900567 26
900678 27
900899 26
901387 27
901778 28
902350 27
902397 28
903172 27
903279 28
903533 27
904240 28
904497 29
904662 28
904673 27
904696 28
904729 29
904932 30
905600 29
905974 30
906000 29
906440 28
906607 29
906737 28
907366 27
907620 26
907841 27
908176 28
908262 27
908366 28
908632 27
908935 26
909272 25
909382 26
909803 27
910902 28
911323 27
911333 28
912062 27
912590 28
912884 29
914005 28
914041 29
914245 30
914585 31
914901 30
916353 31
916467 30
916492 31
916976 30
917305 31
917446 32
918260 33
918333 32
918642 31
918765 32
919825 31
920274 32
920283 31
920443 30
920932 31
921038 30
921046 31
921466 32
922296 31
923380 32
923676 33
924880 34
925107 33
925565 34
925780 33
925780 32
925780 31
925780 30
925780 29
925780 28
925780 27
925780 26
925780 25
925780 24
926019 25
926021 24
926268 23
926408 22
926794 21
927083 20
927260 21
928438 22
928480 21
929008 22
929659 21
929665 22
930091 21
930167 22
930818 21
931178 20
931483 21
931718 22
931805 21
931839 22
932579 21
932821 20
933016 21
933480 20
933701 21
933741 20
934617 19
935018 20
935287 19
935311 20
936186 21
936250 22
936529 21
936897 22
937198 21
937969 20
938023 21
938052 20
938614 19
938826 18
938972 17
940070 18
940128 17
941051 16
941249 17
941938 18
942645 19
943725 20
943990 21
944826 22
945119 23
945414 24
945580 25
945835 26
946008 27
946307 28
946459 29
946863 30
947276 29
947981 28
948004 27
948187 28
948305 29
948516 30
948672 29
949068 30
949435 31
950018 32
950583 31
950583 30
950583 29
950583 28
950583 27
950583 26
950583 25
950583 24
950718 25
951315 24
951567 23
952011 24
952227 23
953028 24
953103 25
953375 24
953521 23
953866 22
953917 21
954046 22
954235 21
954784 20
955062 21
955190 20
955360 19
955616 20
955995 19
956146 18
956186 17
956234 18
956355 19
956418 18
956567 19
956574 20
956590 19
957069 18
957227 19
957293 18
957401 19
957776 18
958615 19
959300 18
959633 19
959765 18
960051 17
960065 18
961051 19
961228 18
961450 19
961661 18
961931 19
961968 18
962758 19
963273 18
963358 19
963824 20
964588 21
964853 22
965281 23
965653 22
966634 21
966681 20
966703 21
966792 20
966853 19
967227 20
967461 21
967504 22
967692 21
967911 20
968879 19
970113 18
970455 17
970527 18
971270 17
971830 16
972526 17
972654 18
973075 19
973171 18
973264 19
973546 18
973692 19
974474 18
974474 17
974474 16
974474 15
974474 14
974474 13
974474 12
975368 11
975652 10
976426 11
976702 10
977024 9
977841 8
978052 9
978148 10
978405 9
978578 8
978792 7
979049 8
979263 7
979524 6
979577 7
979987 8
980556 7
980998 8
981263 9
981362 8
981809 9
981811 10
982331 9
982700 8
983268 7
983693 8
983741 7
984166 6
984505 5
984624 4
984767 3
984898 2
985090 1
985947 2
986480 3
986695 2
987656 1
988037 2
988889 3
989385 4
989558 3
989799 2
990073 1
990925 2
990952 3
991048 2
991516 1
991798 0
992046 1
992326 2
992459 1
992875 2
993132 1
993496 0
993998 1
994011 0
995625 1
996095 2
997118 1
997964 0
998182 1
998558 2
999200 3
999854 4
999902 3
999959 2
999959 1
1.00026e+06 0
1.00041e+06 1
1.00047e+06 0
1.00123e+06 1
1.00126e+06 0
1.00267e+06 1
1.00317e+06 2
1.00334e+06 1
1.00416e+06 0
1.00744e+06 1
1.00744e+06 0
1.00751e+06 1
1.00751e+06 0
1.00894e+06 1
1.00894e+06 0
1.0113e+06 1
1.0113e+06 0
1.0122e+06 1
1.0122e+06 0
1.01276e+06 1
1.01276e+06 0
1.01401e+06 1
1.01401e+06 0
1.01439e+06 1
1.01439e+06 0
1.01455e+06 1
1.01455e+06 0
1.0156e+06 1
1.0156e+06 0
1.01606e+06 1
1.01606e+06 0
1.0164e+06 1
1.0164e+06 0
1.01732e+06 1
1.01732e+06 0
1.01901e+06 1
1.01901e+06 0
1.0215e+06 1
1.0215e+06 0
1.02158e+06 1
1.02158e+06 0
1.02218e+06 1
1.02218e+06 0
1.02464e+06 1
1.02464e+06 0
1.02482e+06 1
1.02482e+06 0
1.02546e+06 1
1.02546e+06 0
1.02572e+06 1
1.02572e+06 0
1.02684e+06 1
1.02684e+06 0
1.02766e+06 1
1.02766e+06 0
1.02805e+06 1
1.02853e+06 0
1.02923e+06 1
1.02987e+06 0
1.03044e+06 1
1.03053e+06 2
1.03073e+06 1
1.03082e+06 0
1.0311e+06 1
1.0311e+06 0
1.03131e+06 1
1.03161e+06 2
1.03195e+06 1
1.03238e+06 2
1.03324e+06 1
1.03376e+06 2
1.0344e+06 3
1.03475e+06 4
1.03489e+06 5
1.03523e+06 4
1.03525e+06 5
1.03567e+06 4
1.03591e+06 5
1.03593e+06 4
1.03601e+06 5
1.03655e+06 6
1.03692e+06 7
1.03713e+06 8
1.03738e+06 9
1.03739e+06 10
1.03771e+06 11
1.03776e+06 10
1.03793e+06 9
1.03838e+06 8
1.03891e+06 7
1.03941e+06 8
1.03979e+06 7
1.04035e+06 8
1.04162e+06 7
1.04203e+06 6
1.04217e+06 5
1.04242e+06 6
1.04247e+06 5
1.04253e+06 6
1.04322e+06 7
1.04363e+06 6
1.04393e+06 7
1.04446e+06 6
1.04455e+06 7
1.04534e+06 8
1.0456e+06 9
1.04588e+06 10
1.04618e+06 11
1.04636e+06 12
1.04658e+06 11
1.04701e+06 10
1.04704e+06 11
1.04711e+06 12
1.0475e+06 13
1.0477e+06 12
1.04802e+06 13
1.04843e+06 12
1.05012e+06 11
1.05012e+06 10
1.05016e+06 11
1.0519e+06 12
1.05239e+06 11
1.05253e+06 12
1.05274e+06 13
1.05293e+06 14
1.05332e+06 15
1.05357e+06 14
1.05362e+06 15
1.05384e+06 14
1.05426e+06 13
1.05483e+06 12
1.05487e+06 13
1.05512e+06 14
1.05545e+06 15
1.05586e+06 16
1.05596e+06 17
1.05639e+06 16
1.0568e+06 17
1.05817e+06 18
1.05878e+06 19
1.05881e+06 18
1.05907e+06 17
1.05932e+06 16
1.05979e+06 15
1.05988e+06 14
1.05988e+06 15
1.06016e+06 16
1.06105e+06 17
1.06149e+06 18
1.06171e+06 17
1.06193e+06 18
1.06422e+06 19
1.06486e+06 18
1.06515e+06 17
1.06553e+06 18
1.06556e+06 17
1.06583e+06 16
1.06601e+06 17
1.06644e+06 18
1.06742e+06 17
1.06883e+06 18
1.06887e+06 17
1.06937e+06 18
1.06949e+06 19
1.06985e+06 20
1.0704e+06 21
1.07059e+06 22
1.07189e+06 21
1.07197e+06 22
1.07238e+06 23
1.07266e+06 22
1.07279e+06 21
1.07285e+06 22
1.07294e+06 23
1.07327e+06 22
1.07357e+06 21
1.07363e+06 20
1.07372e+06 21
1.07382e+06 20
1.07401e+06 21
1.07416e+06 22
1.07467e+06 23
1.07472e+06 22
1.07484e+06 21
1.07484e+06 20
1.07484e+06 19
1.07484e+06 18
1.07484e+06 17
1.07484e+06 16
1.07484e+06 15
1.07484e+06 14
1.07533e+06 13
1.07554e+06 12
1.07555e+06 13
1.0763e+06 12
1.07688e+06 11
1.0771e+06 10
1.07771e+06 9
1.0784e+06 10
1.07859e+06 9
1.07886e+06 10
1.07897e+06 9
1.07939e+06 10
1.07987e+06 9
1.08012e+06 10
1.08104e+06 11
1.08104e+06 12
1.08204e+06 13
1.08249e+06 14
1.08275e+06 13
1.08278e+06 14
1.0841e+06 13
1.08482e+06 14
1.08514e+06 15
1.08615e+06 14
1.08636e+06 15
1.0871e+06 16
1.08758e+06 17
1.08842e+06 18
1.08892e+06 17
1.08925e+06 16
1.08971e+06 15
1.08991e+06 16
1.09027e+06 15
1.09036e+06 16
1.09128e+06 17
1.09184e+06 18
1.09306e+06 19
1.09309e+06 20
1.09351e+06 21
1.09493e+06 22
1.09548e+06 23
1.09594e+06 24
1.09647e+06 25
1.09687e+06 26
1.09725e+06 27
1.09752e+06 28
1.09801e+06 27
1.09838e+06 28
1.09916e+06 29
1.09943e+06 30
1.10033e+06 29
1.10033e+06 28
1.10033e+06 27
1.10033e+06 26
1.10033e+06 25
1.10033e+06 24
1.10033e+06 23
1.10033e+06 22
1.10033e+06 21
1.10033e+06 20
1.10033e+06 19
1.10033e+06 18
1.10041e+06 19
1.1012e+06 20
1.10133e+06 19
